thrust = [17.9929
16.6898
16.2557
17.6757
17.5743
16.9572
18.0073
17.9131
17.2375
16.3301
17.9859
18.2134
16.9543
18.0927
16.8143
17.1281
18.3885
17.7553
17.7698
17.49
16.9879
18.4066
17.4503
17.2176
17.8622
16.5744
16.8092
16.601
16.5909
17.8401
17.5154
16.8961
14.1468
14.6993
13.9086
15.2083
14.1385
15.4505
14.0497
14.2573
13.266
15.5295
13.9696
15.6878
13.6049
14.6243
14.2115
12.4919
13.956
13.9688
14.0771
13.4097
12.739
12.5447
14.3298
13.4153
14.2246
15.5915
13.8507
14.1646
14.1008
14.1561
14.7587
12.2056
14.1982
13.2693
14.9893
15.2355
13.0829
14.5926
12.8622
15.0937
13.972
16.2647
15.5343
15.5543
15.8447
16.4766
15.5674
15.3282
15.5411
13.9085
13.9132
15.6407
15.881
16.6625
15.7888
16.7347
15.0191
14.6171
16.0058
16.0524
16.0454
16.6026
15.3809
15.71
14.2846
13.9942
16.2552
14.6617
15.692
15.0515
16.1021
15.9124
16.9596
15.7021
14.2987
15.0407
14.3063
15.8721
16.8901
17.1755
17.0451
16.7851
16.424
16.1306
15.802
15.4122
16.0742
15.8602
15.8349
]