rpm = [2993.95
2991.85
2987.5
2990.6
2994.75
2998.95
2992.15
2993.05
2996.6
2996.9
2994.95
2999.9
3000.6
2994.6
2994.15
2999.55
2997.7
3001.7
3000.1
3003.15
2996.1
2998.75
2997.95
3001.6
2996.9
3001.5
3001.3
3002.25
3003.9
3000.6
2967.4
2952.4
2944.7
2935.55
2926.8
2928.1
2917.4
2928.85
2925.7
2927.0
2922.9
2923.6
2918.65
2925.95
2921.35
2914.0
2919.5
2913.65
2914.55
2916.8
2909.05
2904.95
2911.85
2921.65
2935.25
2931.0
2932.4
2944.6
2935.3
2939.4
2933.8
2937.55
2945.35
2945.4
2978.35
2974.55
2990.85
2976.6
2966.1
2969.75
2963.0
2985.4
2993.6
2995.5
3022.7
3031.05
3040.25
3039.05
3023.75
3019.5
3009.5
2998.6
2990.6
2996.6
2986.65
3006.65
3002.65
3004.65
2987.5
2980.95
2972.8
2985.4
2975.7
2977.9
2977.2
2972.65
2969.15
2993.15
2996.95
2985.7
2970.7
2973.0
2990.8
2993.2
2986.45
2983.5
2978.4
2972.65
2989.45
3009.3
3028.4
3043.95
3035.95
3029.7
3014.85
3003.3
2996.75
2991.95
2986.3
2979.8
3001.55
]