torque = [0.27099
0.26974
0.27072
0.27197
0.27394
0.27291
0.26949
0.26399
0.27118
0.26996
0.27852
0.26752
0.27004
0.27497
0.26979
0.27101
0.27875
0.27431
0.27282
0.27478
0.27846
0.27418
0.27414
0.27333
0.2771
0.27256
0.27128
0.27179
0.27638
0.2716
0.28801
0.29497
0.31367
0.31938
0.33036
0.33951
0.34367
0.35445
0.37005
0.37638
0.38346
0.40049
0.40383
0.41497
0.43496
0.44205
0.45322
0.46524
0.47969
0.49177
0.49807
0.50187
0.5272
0.53195
0.55549
0.56223
0.56553
0.58444
0.59545
0.61037
0.61464
0.61315
0.62099
0.63096
0.64318
0.658
0.65391
0.64858
0.66308
0.67174
0.65995
0.67799
0.61919
0.62248
0.61341
0.53226
0.47853
0.49065
0.47302
0.47807
0.4888
0.48412
0.4971
0.51076
0.52014
0.5285
0.53089
0.53397
0.52776
0.53597
0.54995
0.55427
0.56478
0.5737
0.57172
0.57856
0.58707
0.59941
0.61498
0.62199
0.64187
0.64776
0.59823
0.60731
0.61589
0.6154
0.61908
0.61751
0.63206
0.56294
0.51789
0.52113
0.47204
0.47842
0.4939
0.49322
0.49886
0.50255
0.50939
0.52424
0.53089
]